{
  "accessors": [
    {
      "bufferView": 2,
      "componentType": 5126,
      "count": 65532,
      "max": [
        38.455268859863281,
        4.7143969535827637,
        -0.18793106079101562
      ],
      "min": [
        -36.449169158935547,
        -22.383804321289062,
        -59.11981201171875
      ],
      "type": "VEC3"
    },
    {
      "bufferView": 2,
      "byteOffset": 786384,
      "componentType": 5126,
      "count": 65532,
      "max": [
        0.99985289573669434,
        0.99998867511749268,
        1
      ],
      "min": [
        -0.99998825788497925,
        -0.99980252981185913,
        -0.99949944019317627
      ],
      "type": "VEC3"
    },
    {
      "bufferView": 1,
      "componentType": 5126,
      "count": 65532,
      "max": [
        0.99992376565933228,
        0.99989932775497437
      ],
      "min": [
        1.1348286534484942e-05,
        0
      ],
      "type": "VEC2"
    },
    {
      "bufferView": 0,
      "componentType": 5125,
      "count": 319926,
      "max": [
        65531
      ],
      "min": [
        0
      ],
      "type": "SCALAR"
    },
    {
      "bufferView": 2,
      "byteOffset": 1572768,
      "componentType": 5126,
      "count": 65532,
      "max": [
        36.105888366699219,
        8.8162326812744141,
        -34.527278900146484
      ],
      "min": [
        -32.349941253662109,
        -6.7414321899414062,
        -66.545875549316406
      ],
      "type": "VEC3"
    },
    {
      "bufferView": 2,
      "byteOffset": 2359152,
      "componentType": 5126,
      "count": 65532,
      "max": [
        0.99976235628128052,
        0.99999338388442993,
        1
      ],
      "min": [
        -0.99998551607131958,
        -0.9999815821647644,
        -0.99988198280334473
      ],
      "type": "VEC3"
    },
    {
      "bufferView": 1,
      "byteOffset": 524256,
      "componentType": 5126,
      "count": 65532,
      "max": [
        0.99987459182739258,
        0.99998211860656738
      ],
      "min": [
        5.055665042164037e-06,
        0.00012797649833373725
      ],
      "type": "VEC2"
    },
    {
      "bufferView": 0,
      "byteOffset": 1279704,
      "componentType": 5125,
      "count": 291621,
      "max": [
        65531
      ],
      "min": [
        0
      ],
      "type": "SCALAR"
    },
    {
      "bufferView": 2,
      "byteOffset": 3145536,
      "componentType": 5126,
      "count": 65532,
      "max": [
        -0.014731645584106445,
        7.6861987113952637,
        -25.472019195556641
      ],
      "min": [
        -40.634017944335938,
        -13.712905883789062,
        -65.111701965332031
      ],
      "type": "VEC3"
    },
    {
      "bufferView": 2,
      "byteOffset": 3931920,
      "componentType": 5126,
      "count": 65532,
      "max": [
        1,
        1,
        1
      ],
      "min": [
        -1,
        -1,
        -1
      ],
      "type": "VEC3"
    },
    {
      "bufferView": 1,
      "byteOffset": 1048512,
      "componentType": 5126,
      "count": 65532,
      "max": [
        1,
        0.99999761581420898
      ],
      "min": [
        0,
        0.00013733262312598526
      ],
      "type": "VEC2"
    },
    {
      "bufferView": 0,
      "byteOffset": 2446188,
      "componentType": 5125,
      "count": 301485,
      "max": [
        65531
      ],
      "min": [
        0
      ],
      "type": "SCALAR"
    },
    {
      "bufferView": 2,
      "byteOffset": 4718304,
      "componentType": 5126,
      "count": 65532,
      "max": [
        35.931919097900391,
        10.271808624267578,
        0.53336334228515625
      ],
      "min": [
        -39.235939025878906,
        -17.181745529174805,
        -79.531013488769531
      ],
      "type": "VEC3"
    },
    {
      "bufferView": 2,
      "byteOffset": 5504688,
      "componentType": 5126,
      "count": 65532,
      "max": [
        1,
        0.99994730949401855,
        1
      ],
      "min": [
        -1,
        -1,
        -1
      ],
      "type": "VEC3"
    },
    {
      "bufferView": 1,
      "byteOffset": 1572768,
      "componentType": 5126,
      "count": 65532,
      "max": [
        0.99987196922302246,
        0.99998170137405396
      ],
      "min": [
        7.7270397014217451e-06,
        1.8879520212067291e-05
      ],
      "type": "VEC2"
    },
    {
      "bufferView": 0,
      "byteOffset": 3652128,
      "componentType": 5125,
      "count": 322779,
      "max": [
        65531
      ],
      "min": [
        0
      ],
      "type": "SCALAR"
    },
    {
      "bufferView": 2,
      "byteOffset": 6291072,
      "componentType": 5126,
      "count": 65532,
      "max": [
        35.678993225097656,
        41.474624633789062,
        -62.383388519287109
      ],
      "min": [
        9.2174253463745117,
        3.1575026512145996,
        -125.21968841552734
      ],
      "type": "VEC3"
    },
    {
      "bufferView": 2,
      "byteOffset": 7077456,
      "componentType": 5126,
      "count": 65532,
      "max": [
        1,
        1,
        1
      ],
      "min": [
        -1,
        -1,
        -1
      ],
      "type": "VEC3"
    },
    {
      "bufferView": 1,
      "byteOffset": 2097024,
      "componentType": 5126,
      "count": 65532,
      "max": [
        1,
        1
      ],
      "min": [
        2.6678473659558222e-05,
        0.00012581539340317249
      ],
      "type": "VEC2"
    },
    {
      "bufferView": 0,
      "byteOffset": 4943244,
      "componentType": 5125,
      "count": 293715,
      "max": [
        65531
      ],
      "min": [
        0
      ],
      "type": "SCALAR"
    },
    {
      "bufferView": 2,
      "byteOffset": 7863840,
      "componentType": 5126,
      "count": 65532,
      "max": [
        31.957962036132812,
        40.783496856689453,
        -70.360755920410156
      ],
      "min": [
        -42.260223388671875,
        6.932898998260498,
        -122.7451171875
      ],
      "type": "VEC3"
    },
    {
      "bufferView": 2,
      "byteOffset": 8650224,
      "componentType": 5126,
      "count": 65532,
      "max": [
        1,
        1,
        1
      ],
      "min": [
        -0.99997788667678833,
        -1,
        -0.99906766414642334
      ],
      "type": "VEC3"
    },
    {
      "bufferView": 1,
      "byteOffset": 2621280,
      "componentType": 5126,
      "count": 65532,
      "max": [
        0.99987119436264038,
        0.99997657537460327
      ],
      "min": [
        0,
        0.00012535805581137538
      ],
      "type": "VEC2"
    },
    {
      "bufferView": 0,
      "byteOffset": 6118104,
      "componentType": 5125,
      "count": 306618,
      "max": [
        65531
      ],
      "min": [
        0
      ],
      "type": "SCALAR"
    },
    {
      "bufferView": 2,
      "byteOffset": 9436608,
      "componentType": 5126,
      "count": 65532,
      "max": [
        -7.9174680709838867,
        35.389724731445312,
        -61.728683471679688
      ],
      "min": [
        -42.479812622070312,
        5.0269241333007812,
        -114.14482116699219
      ],
      "type": "VEC3"
    },
    {
      "bufferView": 2,
      "byteOffset": 10222992,
      "componentType": 5126,
      "count": 65532,
      "max": [
        0.99997442960739136,
        1,
        1
      ],
      "min": [
        -1,
        -0.99992746114730835,
        -1
      ],
      "type": "VEC3"
    },
    {
      "bufferView": 1,
      "byteOffset": 3145536,
      "componentType": 5126,
      "count": 65532,
      "max": [
        0.99987292289733887,
        0.99998199939727783
      ],
      "min": [
        0,
        0.0001457584003219381
      ],
      "type": "VEC2"
    },
    {
      "bufferView": 0,
      "byteOffset": 7344576,
      "componentType": 5125,
      "count": 289329,
      "max": [
        65531
      ],
      "min": [
        0
      ],
      "type": "SCALAR"
    },
    {
      "bufferView": 2,
      "byteOffset": 11009376,
      "componentType": 5126,
      "count": 65532,
      "max": [
        -5.5590486526489258,
        28.749805450439453,
        -62.376392364501953
      ],
      "min": [
        -41.371376037597656,
        4.5313911437988281,
        -116.79757690429688
      ],
      "type": "VEC3"
    },
    {
      "bufferView": 2,
      "byteOffset": 11795760,
      "componentType": 5126,
      "count": 65532,
      "max": [
        1,
        1,
        1
      ],
      "min": [
        -1,
        -1,
        -1
      ],
      "type": "VEC3"
    },
    {
      "bufferView": 1,
      "byteOffset": 3669792,
      "componentType": 5126,
      "count": 65532,
      "max": [
        0.9998745322227478,
        0.99997895956039429
      ],
      "min": [
        2.4598237359896302e-05,
        0.00012889446225017309
      ],
      "type": "VEC2"
    },
    {
      "bufferView": 0,
      "byteOffset": 8501892,
      "componentType": 5125,
      "count": 293406,
      "max": [
        65531
      ],
      "min": [
        0
      ],
      "type": "SCALAR"
    },
    {
      "bufferView": 2,
      "byteOffset": 12582144,
      "componentType": 5126,
      "count": 65532,
      "max": [
        18.481002807617188,
        41.828651428222656,
        -61.237861633300781
      ],
      "min": [
        -22.051586151123047,
        3.8233470916748047,
        -125.31025695800781
      ],
      "type": "VEC3"
    },
    {
      "bufferView": 2,
      "byteOffset": 13368528,
      "componentType": 5126,
      "count": 65532,
      "max": [
        0.99995452165603638,
        0.99995934963226318,
        1
      ],
      "min": [
        -0.99992907047271729,
        -1,
        -1
      ],
      "type": "VEC3"
    },
    {
      "bufferView": 1,
      "byteOffset": 4194048,
      "componentType": 5126,
      "count": 65532,
      "max": [
        0.9998629093170166,
        0.99999094009399414
      ],
      "min": [
        7.1946415118873119e-06,
        0.00012658684863708913
      ],
      "type": "VEC2"
    },
    {
      "bufferView": 0,
      "byteOffset": 9675516,
      "componentType": 5125,
      "count": 307068,
      "max": [
        65531
      ],
      "min": [
        0
      ],
      "type": "SCALAR"
    },
    {
      "bufferView": 2,
      "byteOffset": 14154912,
      "componentType": 5126,
      "count": 65533,
      "max": [
        12.597380638122559,
        16.303976058959961,
        -39.586555480957031
      ],
      "min": [
        -22.201509475708008,
        -3.7721652984619141,
        -92.000267028808594
      ],
      "type": "VEC3"
    },
    {
      "bufferView": 2,
      "byteOffset": 14941308,
      "componentType": 5126,
      "count": 65533,
      "max": [
        1,
        1,
        1
      ],
      "min": [
        -1,
        -1,
        -0.99852985143661499
      ],
      "type": "VEC3"
    },
    {
      "bufferView": 1,
      "byteOffset": 4718304,
      "componentType": 5126,
      "count": 65533,
      "max": [
        0.99986547231674194,
        1
      ],
      "min": [
        2.1000565538997762e-05,
        0.0001425845839548856
      ],
      "type": "VEC2"
    },
    {
      "bufferView": 0,
      "byteOffset": 10903788,
      "componentType": 5125,
      "count": 293286,
      "max": [
        65532
      ],
      "min": [
        0
      ],
      "type": "SCALAR"
    },
    {
      "bufferView": 2,
      "byteOffset": 15727704,
      "componentType": 5126,
      "count": 65532,
      "max": [
        36.212764739990234,
        8.38592529296875,
        -15.359199523925781
      ],
      "min": [
        -0.35999107360839844,
        -12.330511093139648,
        -63.824131011962891
      ],
      "type": "VEC3"
    },
    {
      "bufferView": 2,
      "byteOffset": 16514088,
      "componentType": 5126,
      "count": 65532,
      "max": [
        1,
        1,
        1
      ],
      "min": [
        -1,
        -1,
        -0.99949514865875244
      ],
      "type": "VEC3"
    },
    {
      "bufferView": 1,
      "byteOffset": 5242568,
      "componentType": 5126,
      "count": 65532,
      "max": [
        0.99987763166427612,
        0.99999094009399414
      ],
      "min": [
        0,
        6.7460947320796549e-05
      ],
      "type": "VEC2"
    },
    {
      "bufferView": 0,
      "byteOffset": 12076932,
      "componentType": 5125,
      "count": 273282,
      "max": [
        65531
      ],
      "min": [
        0
      ],
      "type": "SCALAR"
    },
    {
      "bufferView": 2,
      "byteOffset": 17300472,
      "componentType": 5126,
      "count": 35440,
      "max": [
        35.951740264892578,
        41.813846588134766,
        -16.308834075927734
      ],
      "min": [
        -42.241542816162109,
        -20.613792419433594,
        -124.76360321044922
      ],
      "type": "VEC3"
    },
    {
      "bufferView": 2,
      "byteOffset": 17725752,
      "componentType": 5126,
      "count": 35440,
      "max": [
        1,
        1,
        1
      ],
      "min": [
        -0.99998390674591064,
        -0.99978780746459961,
        -0.99996268749237061
      ],
      "type": "VEC3"
    },
    {
      "bufferView": 1,
      "byteOffset": 5766824,
      "componentType": 5126,
      "count": 35440,
      "max": [
        1,
        0.99998891353607178
      ],
      "min": [
        0,
        2.8331487555988133e-06
      ],
      "type": "VEC2"
    },
    {
      "bufferView": 0,
      "byteOffset": 13170060,
      "componentType": 5125,
      "count": 98385,
      "max": [
        35439
      ],
      "min": [
        0
      ],
      "type": "SCALAR"
    }
  ],
  "asset": {
    "extras": {
      "author": "Nikitos & 3130 (https://sketchfab.com/vrcityphoto)",
      "license": "CC-BY-4.0 (http://creativecommons.org/licenses/by/4.0/)",
      "source": "https://sketchfab.com/3d-models/tokyo-station-a-3d34db7b146a4b0e8e03907df754baa2",
      "title": "Tokyo station A"
    },
    "generator": "Sketchfab-9.94.0",
    "version": "2.0"
  },
  "bufferViews": [
    {
      "buffer": 0,
      "byteLength": 13563600,
      "byteOffset": 0,
      "name": "floatBufferViews",
      "target": 34963
    },
    {
      "buffer": 0,
      "byteLength": 6050344,
      "byteOffset": 13563600,
      "byteStride": 8,
      "name": "floatBufferViews",
      "target": 34962
    },
    {
      "buffer": 0,
      "byteLength": 18151032,
      "byteOffset": 19613944,
      "byteStride": 12,
      "name": "floatBufferViews",
      "target": 34962
    }
  ],
  "buffers": [
    {
      "byteLength": 37764976,
      "uri": "scene.bin"
    }
  ],
  "extensionsUsed": [
    "KHR_materials_unlit"
  ],
  "images": [
    {
      "uri": "textures/material0_baseColor.jpeg"
    }
  ],
  "materials": [
    {
      "doubleSided": true,
      "emissiveFactor": [
        1,
        1,
        1
      ],
      "emissiveTexture": {
        "index": 0,
        "texCoord": 0
      },
      "extensions": {
        "KHR_materials_unlit": {}
      },
      "name": "material0",
      "pbrMetallicRoughness": {
        "baseColorFactor": [
          0.93805671585526762,
          0.93805671585526762,
          0.93805671585526762,
          1
        ],
        "baseColorTexture": {
          "index": 0,
          "texCoord": 0
        },
        "metallicFactor": 0,
        "roughnessFactor": 1
      }
    }
  ],
  "meshes": [
    {
      "name": "Model_material0_0",
      "primitives": [
        {
          "attributes": {
            "NORMAL": 1,
            "POSITION": 0,
            "TEXCOORD_0": 2
          },
          "indices": 3,
          "material": 0,
          "mode": 4
        }
      ]
    },
    {
      "name": "Model_material0_0",
      "primitives": [
        {
          "attributes": {
            "NORMAL": 5,
            "POSITION": 4,
            "TEXCOORD_0": 6
          },
          "indices": 7,
          "material": 0,
          "mode": 4
        }
      ]
    },
    {
      "name": "Model_material0_0",
      "primitives": [
        {
          "attributes": {
            "NORMAL": 9,
            "POSITION": 8,
            "TEXCOORD_0": 10
          },
          "indices": 11,
          "material": 0,
          "mode": 4
        }
      ]
    },
    {
      "name": "Model_material0_0",
      "primitives": [
        {
          "attributes": {
            "NORMAL": 13,
            "POSITION": 12,
            "TEXCOORD_0": 14
          },
          "indices": 15,
          "material": 0,
          "mode": 4
        }
      ]
    },
    {
      "name": "Model_material0_0",
      "primitives": [
        {
          "attributes": {
            "NORMAL": 17,
            "POSITION": 16,
            "TEXCOORD_0": 18
          },
          "indices": 19,
          "material": 0,
          "mode": 4
        }
      ]
    },
    {
      "name": "Model_material0_0",
      "primitives": [
        {
          "attributes": {
            "NORMAL": 21,
            "POSITION": 20,
            "TEXCOORD_0": 22
          },
          "indices": 23,
          "material": 0,
          "mode": 4
        }
      ]
    },
    {
      "name": "Model_material0_0",
      "primitives": [
        {
          "attributes": {
            "NORMAL": 25,
            "POSITION": 24,
            "TEXCOORD_0": 26
          },
          "indices": 27,
          "material": 0,
          "mode": 4
        }
      ]
    },
    {
      "name": "Model_material0_0",
      "primitives": [
        {
          "attributes": {
            "NORMAL": 29,
            "POSITION": 28,
            "TEXCOORD_0": 30
          },
          "indices": 31,
          "material": 0,
          "mode": 4
        }
      ]
    },
    {
      "name": "Model_material0_0",
      "primitives": [
        {
          "attributes": {
            "NORMAL": 33,
            "POSITION": 32,
            "TEXCOORD_0": 34
          },
          "indices": 35,
          "material": 0,
          "mode": 4
        }
      ]
    },
    {
      "name": "Model_material0_0",
      "primitives": [
        {
          "attributes": {
            "NORMAL": 37,
            "POSITION": 36,
            "TEXCOORD_0": 38
          },
          "indices": 39,
          "material": 0,
          "mode": 4
        }
      ]
    },
    {
      "name": "Model_material0_0",
      "primitives": [
        {
          "attributes": {
            "NORMAL": 41,
            "POSITION": 40,
            "TEXCOORD_0": 42
          },
          "indices": 43,
          "material": 0,
          "mode": 4
        }
      ]
    },
    {
      "name": "Model_material0_0",
      "primitives": [
        {
          "attributes": {
            "NORMAL": 45,
            "POSITION": 44,
            "TEXCOORD_0": 46
          },
          "indices": 47,
          "material": 0,
          "mode": 4
        }
      ]
    }
  ],
  "nodes": [
    {
      "children": [
        1
      ],
      "name": "RootNode (gltf orientation matrix)",
      "rotation": [
        -0.70710678118654746,
        -0,
        -0,
        0.70710678118654757
      ]
    },
    {
      "children": [
        2
      ],
      "matrix": [
        -0.90639495849609375,
        -0.42243126034736633,
        2.2204460492503131e-16,
        0,
        -0.14740657806396484,
        0.31628477573394775,
        -0.93714207410812378,
        0,
        0.39587810635566711,
        -0.84942084550857544,
        -0.34894809126853943,
        0,
        -29.967306137084961,
        45.496433258056641,
        75.047119140625,
        1
      ],
      "name": "RootNode (model correction matrix)"
    },
    {
      "children": [
        3
      ],
      "matrix": [
        1,
        0,
        0,
        0,
        0,
        -1,
        0,
        0,
        0,
        0,
        -1,
        0,
        0,
        0,
        0,
        1
      ],
      "name": "5.fbx"
    },
    {
      "children": [
        4,
        17,
        19,
        21,
        23,
        25,
        27,
        29,
        31,
        33,
        35,
        37,
        39,
        41,
        43,
        45,
        47,
        49,
        51,
        53,
        55,
        57,
        59,
        61,
        63,
        65,
        67,
        69,
        71,
        73,
        75,
        77,
        79,
        81,
        83,
        85,
        87,
        89,
        91,
        93,
        95,
        97,
        99,
        101,
        103,
        105,
        107,
        109,
        111,
        113,
        115,
        117,
        119,
        121,
        123,
        125,
        127,
        129,
        131,
        133,
        135,
        137,
        139,
        141,
        143,
        145,
        147,
        149,
        151,
        153,
        155,
        157,
        159,
        161,
        163,
        165,
        167,
        169,
        171,
        173,
        175,
        177,
        179,
        181,
        183,
        185
      ],
      "name": "RootNode"
    },
    {
      "children": [
        5,
        6,
        7,
        8,
        9,
        10,
        11,
        12,
        13,
        14,
        15,
        16
      ],
      "name": "Model"
    },
    {
      "mesh": 0,
      "name": "Model_material0_0"
    },
    {
      "mesh": 1,
      "name": "Model_material0_0"
    },
    {
      "mesh": 2,
      "name": "Model_material0_0"
    },
    {
      "mesh": 3,
      "name": "Model_material0_0"
    },
    {
      "mesh": 4,
      "name": "Model_material0_0"
    },
    {
      "mesh": 5,
      "name": "Model_material0_0"
    },
    {
      "mesh": 6,
      "name": "Model_material0_0"
    },
    {
      "mesh": 7,
      "name": "Model_material0_0"
    },
    {
      "mesh": 8,
      "name": "Model_material0_0"
    },
    {
      "mesh": 9,
      "name": "Model_material0_0"
    },
    {
      "mesh": 10,
      "name": "Model_material0_0"
    },
    {
      "mesh": 11,
      "name": "Model_material0_0"
    },
    {
      "children": [
        18
      ],
      "matrix": [
        -0.031022910149983929,
        -0.0010793085686181033,
        -0.99951809095125421,
        0,
        -0.0053863720196454055,
        0.99998507693890992,
        -0.00091263133212767271,
        0,
        0.99950416009253917,
        0.00535546379841257,
        -0.031028260750675107,
        0,
        0.52427244186401367,
        -0.040540456771850586,
        0.092248372733592987,
        1
      ],
      "name": "J2 (1)"
    },
    {
      "name": ""
    },
    {
      "children": [
        20
      ],
      "matrix": [
        -0.030127463883491412,
        -0.0010021657613473655,
        -0.99954556253516313,
        0,
        -0.0052270085213558604,
        0.99998598203015676,
        -0.00084505922914582428,
        0,
        0.99953239782503622,
        0.0051991736814492326,
        -0.030132279886585733,
        0,
        0.46901056170463562,
        -0.03551916778087616,
        0.082016691565513611,
        1
      ],
      "name": "J2 (2)"
    },
    {
      "name": ""
    },
    {
      "children": [
        22
      ],
      "matrix": [
        -0.029219576010561132,
        -0.00091295382228993166,
        -0.9995726001112083,
        0,
        -0.0050353921199893081,
        0.99998702884571233,
        -0.00076613740447350857,
        0,
        0.99956033394886223,
        0.0050108537838326542,
        -0.029223794079415111,
        0,
        0.41298311948776245,
        -0.03169124573469162,
        0.070669203996658325,
        1
      ],
      "name": "J2 (3)"
    },
    {
      "name": ""
    },
    {
      "children": [
        24
      ],
      "matrix": [
        -0.028347916585154342,
        -0.00082553170475856185,
        -0.99959777616933787,
        0,
        -0.0048304943691555875,
        0.99998809582406778,
        -0.0006888645037615407,
        0,
        0.99958644546103714,
        0.004809023555715327,
        -0.028351566852819365,
        0,
        0.35895279049873352,
        -0.02789665199816227,
        0.058910846710205078,
        1
      ],
      "name": "J2 (4)"
    },
    {
      "name": ""
    },
    {
      "children": [
        26
      ],
      "matrix": [
        -0.02694073823243448,
        -0.00071087501739704553,
        -0.9996367796755985,
        0,
        -0.0045099063915289579,
        0.99998965651544158,
        -0.00058958160494712521,
        0,
        0.99962685906683757,
        0.0044923845381808674,
        -0.026943665551109275,
        0,
        0.27125027775764465,
        -0.019729318097233772,
        0.040369417518377304,
        1
      ],
      "name": "J2 (5)"
    },
    {
      "name": ""
    },
    {
      "children": [
        28
      ],
      "matrix": [
        -0.025723771512609073,
        -0.00060176103462798941,
        -0.99966890792042951,
        0,
        -0.0042272057111613567,
        0.99999094371206854,
        -0.00049317919878260805,
        0,
        0.99966015140698805,
        0.0042131196878074199,
        -0.025726082318410004,
        0,
        0.19499686360359192,
        -0.014070364646613598,
        0.02354469895362854,
        1
      ],
      "name": "J2 (6)"
    },
    {
      "name": ""
    },
    {
      "children": [
        30
      ],
      "matrix": [
        -0.023023093676000306,
        -0.00037329052761404975,
        -0.99973486375727039,
        0,
        -0.0036091865203571145,
        0.99999344473639162,
        -0.00029027040244777955,
        0,
        0.99972841858689165,
        0.0036015466715368714,
        -0.023024290028692773,
        0,
        0.027288815006613731,
        0.00093088176799938083,
        -0.011909429915249348,
        1
      ],
      "name": "J2 (7)"
    },
    {
      "name": ""
    },
    {
      "children": [
        32
      ],
      "matrix": [
        -0.020651545772955693,
        -7.1052390401612564e-05,
        -0.99978673156265951,
        0,
        -0.003058590716171935,
        0.99999532246935674,
        -7.8891143752116318e-06,
        0,
        0.99978205559012634,
        0.0030577754929028054,
        -0.020651666494899246,
        0,
        -0.11879818141460419,
        0.011529041454195976,
        -0.042821753770112991,
        1
      ],
      "name": "J2 (8)"
    },
    {
      "name": ""
    },
    {
      "children": [
        34
      ],
      "matrix": [
        -0.018479113705087258,
        0.00016261597172583919,
        -0.99982923337574026,
        0,
        -0.0025148856671367912,
        0.99999681580354249,
        0.00020912402352650235,
        0,
        0.99982608372994342,
        0.0025183206352102265,
        -0.018478645903382329,
        0,
        -0.25296583771705627,
        0.023947654291987419,
        -0.070813700556755066,
        1
      ],
      "name": "J2 (9)"
    },
    {
      "name": ""
    },
    {
      "children": [
        36
      ],
      "matrix": [
        -0.015799671760691192,
        0.00051272689198572673,
        -0.99987504593493504,
        0,
        -0.0018441811234375834,
        0.99999815265161751,
        0.00054193111771425203,
        0,
        0.99987347668004389,
        0.0018525130192862838,
        -0.015798697011937479,
        0,
        -0.41952571272850037,
        0.038747183978557587,
        -0.10517624765634537,
        1
      ],
      "name": "J2 (10)"
    },
    {
      "name": ""
    },
    {
      "children": [
        38
      ],
      "matrix": [
        -0.013981392249382774,
        0.00075995510519073848,
        -0.9999019667642457,
        0,
        -0.0013646930820210594,
        0.99999876529877163,
        0.00077911085491111018,
        0,
        0.99990132427333078,
        0.0013754523512106817,
        -0.013980337881065896,
        0,
        -0.53220266103744507,
        0.048950139433145523,
        -0.12823423743247986,
        1
      ],
      "name": "J2 (11)"
    },
    {
      "name": ""
    },
    {
      "children": [
        40
      ],
      "matrix": [
        -0.012513048246769465,
        0.00097244830797412645,
        -0.99992123588203807,
        0,
        -0.0010562063933514687,
        0.99999895637053171,
        0.00098574129570066366,
        0,
        0.99992115091722555,
        0.001068457830578446,
        -0.012512008081663417,
        0,
        -0.62290990352630615,
        0.057089962065219879,
        -0.1462053656578064,
        1
      ],
      "name": "J2 (12)"
    },
    {
      "name": ""
    },
    {
      "children": [
        42
      ],
      "matrix": [
        -0.011252945564803385,
        0.00115212615515202,
        -0.99993601986399017,
        0,
        -0.00070819017910787603,
        0.99999907623738304,
        0.0011601685441372253,
        0,
        0.99993643282099964,
        0.00072120018247706934,
        -0.011252119245324765,
        0,
        -0.70031046867370605,
        0.063801705837249756,
        -0.16320723295211792,
        1
      ],
      "name": "J2 (13)"
    },
    {
      "name": ""
    },
    {
      "children": [
        44
      ],
      "matrix": [
        -0.0098107813795624832,
        0.0013530706282739763,
        -0.99995095768172404,
        0,
        -0.00034063990254742081,
        0.99999902196577528,
        0.0013564777733523362,
        0,
        0.99995181510569742,
        0.00035393130365749816,
        -0.0098103108744356238,
        0,
        -0.78898900747299194,
        0.073014788329601288,
        -0.18799611926078796,
        1
      ],
      "name": "J2 (14)"
    },
    {
      "name": ""
    },
    {
      "children": [
        46
      ],
      "matrix": [
        -0.0084694413590289397,
        0.0015554936427780585,
        -0.99996292381397489,
        0,
        -4.4207983434568798e-05,
        0.99999878857255953,
        0.0015559238630562639,
        0,
        0.99996413266112705,
        5.7384150288419789e-05,
        -0.0084693623336780099,
        0,
        -0.87042206525802612,
        0.078120611608028412,
        -0.19704049825668335,
        1
      ],
      "name": "J2 (15)"
    },
    {
      "name": ""
    },
    {
      "children": [
        48
      ],
      "matrix": [
        -0.0066318353470569136,
        0.0018098445464920583,
        -0.99997637133216655,
        0,
        0.00034597022333880841,
        0.99999830646047116,
        0.0018075897748309794,
        0,
        0.99997794928915007,
        -0.00033397441076161831,
        -0.0066324502681036623,
        0,
        -0.98161077499389648,
        0.088267073035240173,
        -0.22077342867851257,
        1
      ],
      "name": "J2 (16)"
    },
    {
      "name": ""
    },
    {
      "children": [
        50
      ],
      "matrix": [
        -0.0051246901766779374,
        0.0020421601089249584,
        -0.99998478345056974,
        0,
        0.00067153023231845282,
        0.99999769628024548,
        0.0020387450426401863,
        0,
        0.99998664320966824,
        -0.00066107207725270994,
        -0.0051260497430802854,
        0,
        -1.0728566646575928,
        0.094906210899353027,
        -0.23865123093128204,
        1
      ],
      "name": "J2 (17)"
    },
    {
      "name": ""
    },
    {
      "children": [
        52
      ],
      "matrix": [
        -0.0032755369151755698,
        0.002299700396784253,
        -0.99999199108592984,
        0,
        0.0010719619706210182,
        0.99999678917604329,
        0.0022962001519143968,
        0,
        0.9999940608600888,
        -0.0010644320970074816,
        -0.0032779915893723643,
        0,
        -1.1864542961120605,
        0.10388992726802826,
        -0.26242804527282715,
        1
      ],
      "name": "J2 (18)"
    },
    {
      "name": ""
    },
    {
      "children": [
        54
      ],
      "matrix": [
        -0.0019686797503102316,
        0.0024497775576439017,
        -0.99999506143278483,
        0,
        0.0013741569268046368,
        0.99999606175127287,
        0.0024470747199379908,
        0,
        0.99999711799223778,
        -0.0013693326339896514,
        -0.0019720383759598281,
        0,
        -1.2668924331665039,
        0.11173123866319656,
        -0.2787196934223175,
        1
      ],
      "name": "J2 (19)"
    },
    {
      "name": ""
    },
    {
      "children": [
        56
      ],
      "matrix": [
        -0.00050835209834954043,
        0.0026663265301936131,
        -0.99999631613370388,
        0,
        0.0016890895928472188,
        0.99999502112548699,
        0.0026654644218641319,
        0,
        0.99999844427603557,
        -0.0016877283760350658,
        -0.00051285323172156616,
        0,
        -1.3580715656280518,
        0.11909101158380508,
        -0.29715603590011597,
        1
      ],
      "name": "J2 (20)"
    },
    {
      "name": ""
    },
    {
      "children": [
        58
      ],
      "matrix": [
        0.0007428606048621722,
        0.0028585651614275076,
        -0.99999563837215788,
        0,
        0.0019923269318291993,
        0.99999392538301091,
        0.0028600402923600441,
        0,
        0.99999773939320413,
        -0.0019944428533020951,
        0.00073716089591102651,
        0,
        -1.4368189573287964,
        0.12504333257675171,
        -0.31292513012886047,
        1
      ],
      "name": "J2 (21)"
    },
    {
      "name": ""
    },
    {
      "children": [
        60
      ],
      "matrix": [
        0.0021959971733298556,
        0.0030803761373908089,
        -0.99999284441403236,
        0,
        0.0023289492602767943,
        0.99999252784682768,
        0.0030854895648267117,
        0,
        0.99999487678275523,
        -0.0023357083216428466,
        0.0021888067247760601,
        0,
        -1.5287948846817017,
        0.13204856216907501,
        -0.33128547668457031,
        1
      ],
      "name": "J2 (22)"
    },
    {
      "name": ""
    },
    {
      "children": [
        62
      ],
      "matrix": [
        0.0034284636368816512,
        0.0032551582533571618,
        -0.99998882472847472,
        0,
        0.002596312237185718,
        0.99999130247432233,
        0.0032640677804735741,
        0,
        0.99999075235716939,
        -0.0026074739603851736,
        0.0034199824105239918,
        0,
        -1.6076600551605225,
        0.13893763720989227,
        -0.34626570343971252,
        1
      ],
      "name": "J2 (23)"
    },
    {
      "name": ""
    },
    {
      "children": [
        64
      ],
      "matrix": [
        0.0048492513028461914,
        0.0034579805898096207,
        -0.99998226340872787,
        0,
        0.0029211744649946187,
        0.99998970532738984,
        0.0034721720846088641,
        0,
        0.99998397562238317,
        -0.0029379600883220943,
        0.0048391000167922193,
        0,
        -1.6984596252441406,
        0.14600419998168945,
        -0.36500853300094604,
        1
      ],
      "name": "J2 (24)"
    },
    {
      "name": ""
    },
    {
      "children": [
        66
      ],
      "matrix": [
        0.0061035106833722264,
        0.0036092844855009328,
        -0.99997485979540535,
        0,
        0.0032282355902129821,
        0.99998820422417267,
        0.003629036716329082,
        0,
        0.99997616254204369,
        -0.0032503042960782291,
        0.0060917870670972318,
        0,
        -1.778618335723877,
        0.15269820392131805,
        -0.37986284494400024,
        1
      ],
      "name": "J2 (25)"
    },
    {
      "name": ""
    },
    {
      "children": [
        68
      ],
      "matrix": [
        0.0075643903451316774,
        0.0037703569727713638,
        -0.99996428156559891,
        0,
        0.0035585712479626803,
        0.99998645822226373,
        0.0037973599731789039,
        0,
        0.99996505767420674,
        -0.0035871688544871026,
        0.0075508708259210966,
        0,
        -1.8714020252227783,
        0.15946184098720551,
        -0.39845868945121765,
        1
      ],
      "name": "J2 (26)"
    },
    {
      "name": ""
    },
    {
      "children": [
        70
      ],
      "matrix": [
        0.0084688340154778219,
        0.0038539132082899986,
        -0.99995671216478232,
        0,
        0.0037757085037461828,
        0.99998532140418328,
        0.0038860007034228622,
        0,
        0.9999570105138087,
        -0.0038084549564399613,
        0.0084541584520130275,
        0,
        -1.9286379814147949,
        0.1636216938495636,
        -0.40945520997047424,
        1
      ],
      "name": "J2 (27)"
    },
    {
      "name": ""
    },
    {
      "children": [
        72
      ],
      "matrix": [
        0.0093683081520369305,
        0.0038871962141640804,
        -0.99994856093099171,
        0,
        0.0040022473717252873,
        0.99998428873412948,
        0.003924831317738871,
        0,
        0.99994810706273363,
        -0.0040388105290758867,
        0.0093526034432253047,
        0,
        -1.9858629703521729,
        0.16845670342445374,
        -0.42047432065010071,
        1
      ],
      "name": "J2 (28)"
    },
    {
      "name": ""
    },
    {
      "children": [
        74
      ],
      "matrix": [
        0.010263806677568654,
        0.0038976234492741359,
        -0.99993972958570521,
        0,
        0.0042578365144905553,
        0.99998316757310535,
        0.0039414970093194805,
        0,
        0.99993826064447677,
        -0.0042980346562436983,
        0.010247038469351044,
        0,
        -2.0423934459686279,
        0.17317667603492737,
        -0.43156850337982178,
        1
      ],
      "name": "J2 (29)"
    },
    {
      "name": ""
    },
    {
      "children": [
        76
      ],
      "matrix": [
        0.011166337969711559,
        0.003878522834092481,
        -0.99993013253775476,
        0,
        0.0044953391349670645,
        0.99998217757960361,
        0.0039289246894949371,
        0,
        0.9999275497866873,
        -0.0045388967579702184,
        0.011148703683059979,
        0,
        -2.0992686748504639,
        0.17722669243812561,
        -0.44327676296234131,
        1
      ],
      "name": "J2 (30)"
    },
    {
      "name": ""
    },
    {
      "children": [
        78
      ],
      "matrix": [
        0.012504490206039165,
        0.0038259087055599124,
        -0.99991449641820063,
        0,
        0.0048376824968994394,
        0.99998074516523017,
        0.0038866601150834251,
        0,
        0.9999101132365581,
        -0.0048858695610616096,
        0.012485740902566822,
        0,
        -2.1819071769714355,
        0.18223215639591217,
        -0.45925053954124451,
        1
      ],
      "name": "J2 (31)"
    },
    {
      "name": ""
    },
    {
      "children": [
        80
      ],
      "matrix": [
        0.015296986392858258,
        0.0034593830631642164,
        -0.99987700987477413,
        0,
        0.0056149999292677902,
        0.99997794987946009,
        0.0035456354390112389,
        0,
        0.99986722817736717,
        -0.0056685468767879374,
        0.015277224656809363,
        0,
        -2.3524844646453857,
        0.19513808190822601,
        -0.49288833141326904,
        1
      ],
      "name": "J2 (32)"
    },
    {
      "name": ""
    },
    {
      "children": [
        82
      ],
      "matrix": [
        0.018247290650889814,
        0.0028292935244815412,
        -0.9998295012061077,
        0,
        0.0064137887203085941,
        0.9999750896504046,
        0.0029467597317237564,
        0,
        0.99981293235192414,
        -0.0064664655583706043,
        0.018228689613606797,
        0,
        -2.5273683071136475,
        0.20975120365619659,
        -0.52499246597290039,
        1
      ],
      "name": "J2 (33)"
    },
    {
      "name": ""
    },
    {
      "children": [
        84
      ],
      "matrix": [
        0.021284874844792467,
        0.0020641491821683212,
